.	0	13	25	41	
.	0	44976	246725	4000000	
.	1	3	13	25	41	
.	1	7841	46098	164546	4000000	
.	2	13	25	41	
.	2	43455	176684	4000000	
.	3	13	25	41	
.	3	58066	213592	4000000	
.	4	13	25	41	
.	4	62105	225098	4000000	
.	5	13	25	41	
.	5	67743	237698	4000000	
.	6	13	25	41	
.	6	61374	223246	4000000	
.	7	13	25	41	
.	7	73789	252340	4000000	
.	8	3	13	25	41	
.	8	85	72323	249968	4000000	
.	9	13	25	41	
.	9	66721	237441	4000000	
.	10	13	25	41	
.	10	69086	243226	4000000	
.	11	13	25	41	
.	11	71837	249597	4000000	
.	12	13	25	41	
.	12	74609	256378	4000000	
.	13	13	25	41	
.	13	81485	271378	4000000	
.	14	13	25	41	
.	14	72441	250976	4000000	
.	15	13	25	41	
.	15	37757	156575	4000000	
.	16	13	25	41	
.	16	37495	154268	4000000	
.	17	13	25	41	
.	17	38998	157541	4000000	
.	18	13	25	41	
.	18	40695	161027	4000000	
.	19	13	25	41	
.	19	36065	147719	4000000	
.	20	13	25	41	
.	20	37812	152054	4000000	
.	21	13	25	41	
.	21	38857	153790	4000000	
.	22	13	25	41	
.	22	40092	156122	4000000	
.	23	13	25	41	
.	23	42330	161756	4000000	
.	24	13	25	41	
.	24	41442	157543	4000000	
.	25	13	25	41	
.	25	61117	198822	4000000	
.	26	13	25	41	
.	26	64684	206399	4000000	
.	27	13	25	41	
.	27	65043	206881	4000000	
.	28	13	25	41	
.	28	70022	216687	4000000	
.	29	13	25	41	
.	29	70190	216532	4000000	
.	30	13	25	41	
.	30	66314	206821	4000000	
.	31	13	25	41	
.	31	68953	212665	4000000	
.	32	13	25	41	
.	32	72576	220053	4000000	
.	33	13	25	41	
.	33	68006	209556	4000000	
.	34	13	25	41	
.	34	76076	227275	4000000	
.	35	13	25	41	
.	35	64606	199236	4000000	
.	36	13	25	41	
.	36	69204	209285	4000000	
.	37	13	25	41	
.	37	63576	196423	4000000	
.	38	13	25	41	
.	38	69865	209949	4000000	
.	39	13	25	41	
.	39	66420	201351	4000000	
.	40	13	25	41	
.	40	67387	203803	4000000	
.	41	13	25	41	
.	41	67969	204322	4000000	
.	42	13	25	41	
.	42	69646	208611	4000000	
.	43	13	25	41	
.	43	67585	203675	4000000	
.	44	13	25	41	
.	44	70698	209093	4000000	
.	45	13	25	41	
.	45	70815	209069	4000000	
.	46	13	25	41	
.	46	74355	217203	4000000	
.	47	13	25	41	
.	47	71303	211199	4000000	
.	48	13	25	41	
.	48	75364	219934	4000000	
.	49	13	25	41	
.	49	72100	210902	4000000	
.	50	13	25	41	
.	50	77911	224796	4000000	
.	51	13	25	41	
.	51	70496	208314	4000000	
.	52	13	25	41	
.	52	78560	225385	4000000	
.	53	13	25	41	
.	53	75273	218513	4000000	
.	54	13	25	41	
.	54	77595	224011	4000000	
.	55	13	25	41	
.	55	75763	219537	4000000	
.	56	13	25	41	
.	56	79528	227646	4000000	
.	57	13	25	41	
.	57	81174	230262	4000000	
.	58	13	25	41	
.	58	79454	226768	4000000	
.	59	13	25	41	
.	59	82082	232962	4000000	
.	60	13	25	41	
.	60	85145	239860	4000000	
.	61	13	25	41	
.	61	83047	234032	4000000	
.	62	13	25	41	
.	62	80390	227919	4000000	
.	63	13	25	41	
.	63	85710	238992	4000000	
.	64	13	25	41	
.	64	89217	247395	4000000	
.	65	13	25	41	
.	65	91989	253460	4000000	
.	66	13	25	41	
.	66	78687	224557	4000000	
.	67	13	25	41	
.	67	85770	240460	4000000	
.	68	13	25	41	
.	68	88959	247942	4000000	
.	69	13	25	41	
.	69	90021	249987	4000000	
.	70	13	25	41	
.	70	96924	265821	4000000	
.	71	13	25	41	
.	71	87151	244197	4000000	
.	72	13	25	41	
.	72	90702	252037	4000000	
.	73	13	25	41	
.	73	91705	254223	4000000	
.	74	13	25	41	
.	74	94646	261356	4000000	
.	75	13	25	41	
.	75	93408	258498	4000000	
.	76	13	25	41	
.	76	96642	265307	4000000	
.	77	13	25	41	
.	77	95550	263486	4000000	
.	78	13	25	41	
.	78	96477	265987	4000000	
.	79	13	25	41	
.	79	94058	261504	4000000	
.	80	13	25	41	
.	80	97672	268054	4000000	
.	81	13	25	41	
.	81	100353	274959	4000000	
.	82	13	25	41	
.	82	97833	269449	4000000	
.	83	13	25	41	
.	83	102429	279695	4000000	
.	84	13	25	41	
.	84	102716	280407	4000000	
.	85	13	25	41	
.	85	99423	273764	4000000	
.	86	13	25	41	
.	86	95620	265467	4000000	
.	87	13	25	41	
.	87	102310	279441	4000000	
.	88	13	25	41	
.	88	105158	285639	4000000	
.	89	13	25	41	
.	89	103231	281537	4000000	
.	90	13	25	41	
.	90	105096	288434	4000000	
.	91	13	25	41	
.	91	110544	298358	4000000	
.	92	13	25	41	
.	92	105286	286675	4000000	
.	93	13	25	41	
.	93	111937	301096	4000000	
.	94	13	25	41	
.	94	107793	292899	4000000	
.	95	13	25	41	
.	95	108299	295091	4000000	
.	96	13	25	41	
.	96	100502	277940	4000000	
.	97	13	25	41	
.	97	109993	299192	4000000	
.	98	13	25	41	
.	98	109357	297397	4000000	
.	99	13	25	41	
.	99	112782	305500	4000000	
.	100	13	25	41	
.	100	108881	297335	4000000	
.	101	13	25	41	
.	101	111922	303205	4000000	
.	102	13	25	41	
.	102	111570	302958	4000000	
.	103	13	25	41	
.	103	118643	318511	4000000	
.	104	13	25	41	
.	104	116485	314247	4000000	
.	105	13	25	41	
.	105	130493	343449	4000000	
.	106	13	25	41	
.	106	120907	323519	4000000	
.	107	13	25	41	
.	107	121051	324922	4000000	
.	108	13	25	41	
.	108	121336	325044	4000000	
.	109	13	25	41	
.	109	116805	315941	4000000	
.	110	13	25	41	
.	110	123605	330288	4000000	
.	111	13	25	41	
.	111	118371	319324	4000000	
.	112	13	25	41	
.	112	118001	319791	4000000	
.	113	13	25	41	
.	113	120384	324010	4000000	
.	114	13	25	41	
.	114	130660	344703	4000000	
.	115	13	25	41	
.	115	122701	329455	4000000	
.	116	13	25	41	
.	116	124639	331912	4000000	
.	117	13	25	41	
.	117	124594	334204	4000000	
.	118	13	25	41	
.	118	128511	343097	4000000	
.	119	13	25	41	
.	119	126361	337957	4000000	
.	120	13	25	41	
.	120	127993	341341	4000000	
.	121	13	25	41	
.	121	132919	352493	4000000	
.	122	13	25	41	
.	122	127976	340568	4000000	
.	123	13	25	41	
.	123	135732	357855	4000000	
.	124	13	25	41	
.	124	137913	362866	4000000	
.	125	13	25	41	
.	125	136994	361755	4000000	
.	126	13	25	41	
.	126	138989	365613	4000000	
.	127	13	25	41	
.	127	136133	359511	4000000	
.	128	13	25	41	
.	128	138132	364483	4000000	
.	129	13	25	41	
.	129	133260	353886	4000000	
.	130	13	25	41	
.	130	137935	364552	4000000	
.	131	13	25	41	
.	131	140931	369611	4000000	
.	132	13	25	41	
.	132	142848	374918	4000000	
.	133	13	25	41	
.	133	143934	376705	4000000	
.	134	13	25	41	
.	134	150383	389579	4000000	
.	135	13	25	41	
.	135	146591	384015	4000000	
.	136	13	25	41	
.	136	150978	391934	4000000	
.	137	13	25	41	
.	137	150534	390806	4000000	
.	138	13	25	41	
.	138	154249	399083	4000000	
.	139	13	25	41	
.	139	154511	398451	4000000	
.	140	13	25	41	
.	140	151311	394259	4000000	
.	141	13	25	41	
.	141	158605	409835	4000000	
.	142	13	25	41	
.	142	153923	397844	4000000	
.	143	13	25	41	
.	143	155359	401386	4000000	
.	144	13	25	41	
.	144	154519	400493	4000000	
.	145	13	25	41	
.	145	158664	408347	4000000	
.	146	13	25	41	
.	146	160134	411762	4000000	
.	147	13	25	41	
.	147	156351	404534	4000000	
.	148	13	25	41	
.	148	162009	415287	4000000	
.	149	13	25	41	
.	149	164059	420192	4000000	
A	0	13	25	41	
A	0	20952	101406	1357828	
A	1	13	25	41	
A	1	17707	62930	1198595	
A	2	13	25	41	
A	2	17880	64118	1138862	
A	3	13	25	41	
A	3	25234	81656	1137619	
A	4	13	25	41	
A	4	26627	85453	1139348	
A	5	13	25	41	
A	5	30308	95766	1219283	
A	6	13	25	41	
A	6	26768	86709	1186640	
A	7	13	25	41	
A	7	30409	94419	1159522	
A	8	13	25	41	
A	8	29445	92408	1127963	
A	9	13	25	41	
A	9	28295	90403	1165221	
A	10	13	25	41	
A	10	28971	92468	1167744	
A	11	13	25	41	
A	11	30471	95561	1170730	
A	12	13	25	41	
A	12	31312	97069	1172339	
A	13	13	25	41	
A	13	33935	102381	1170443	
A	14	13	25	41	
A	14	29935	94537	1173252	
A	15	13	25	41	
A	15	16156	60018	1162693	
A	16	13	25	41	
A	16	16144	59627	1170638	
A	17	13	25	41	
A	17	16633	60344	1158498	
A	18	13	25	41	
A	18	17515	62680	1154000	
A	19	13	25	41	
A	19	15411	56960	1165586	
A	20	13	25	41	
A	20	16202	59062	1163838	
A	21	13	25	41	
A	21	16332	58853	1165171	
A	22	13	25	41	
A	22	17293	61138	1170968	
A	23	13	25	41	
A	23	17594	61293	1153719	
A	24	13	25	41	
A	24	17359	60015	1156235	
A	25	13	25	41	
A	25	23862	73199	1160657	
A	26	13	25	41	
A	26	24638	74357	1161660	
A	27	13	25	41	
A	27	25340	75901	1164926	
A	28	13	25	41	
A	28	27524	80602	1161663	
A	29	13	25	41	
A	29	27317	78874	1159021	
A	30	13	25	41	
A	30	25882	76148	1170733	
A	31	13	25	41	
A	31	26769	78200	1166106	
A	32	13	25	41	
A	32	28204	80790	1163040	
A	33	13	25	41	
A	33	25828	75340	1158848	
A	34	13	25	41	
A	34	29468	83171	1156400	
A	35	13	25	41	
A	35	25220	73436	1165588	
A	36	13	25	41	
A	36	27048	77073	1173052	
A	37	13	25	41	
A	37	24350	71238	1161969	
A	38	13	25	41	
A	38	26979	76387	1157951	
A	39	13	25	41	
A	39	25592	72989	1157167	
A	40	13	25	41	
A	40	26030	74460	1168104	
A	41	13	25	41	
A	41	26140	74803	1172680	
A	42	13	25	41	
A	42	26468	75206	1166578	
A	43	13	25	41	
A	43	25242	73064	1159848	
A	44	13	25	41	
A	44	26567	74731	1158685	
A	45	13	25	41	
A	45	26616	75123	1167584	
A	46	13	25	41	
A	46	28408	79375	1176147	
A	47	13	25	41	
A	47	26575	75772	1159651	
A	48	13	25	41	
A	48	28021	78647	1158776	
A	49	13	25	41	
A	49	26933	75278	1166176	
A	50	13	25	41	
A	50	29159	80628	1163115	
A	51	13	25	41	
A	51	25919	73872	1170829	
A	52	13	25	41	
A	52	29161	80575	1162329	
A	53	13	25	41	
A	53	27834	77267	1157220	
A	54	13	25	41	
A	54	28723	79518	1162970	
A	55	13	25	41	
A	55	27788	77143	1163255	
A	56	13	25	41	
A	56	29260	81356	1164848	
A	57	13	25	41	
A	57	29889	81962	1163179	
A	58	13	25	41	
A	58	28633	79483	1159999	
A	59	13	25	41	
A	59	30030	82157	1161369	
A	60	13	25	41	
A	60	31321	85315	1164415	
A	61	13	25	41	
A	61	29948	82070	1163975	
A	62	13	25	41	
A	62	29189	80232	1167845	
A	63	13	25	41	
A	63	30916	83749	1156399	
A	64	13	25	41	
A	64	32653	87387	1156995	
A	65	13	25	41	
A	65	33784	89465	1160809	
A	66	13	25	41	
A	66	28362	78368	1164718	
A	67	13	25	41	
A	67	31418	84993	1165765	
A	68	13	25	41	
A	68	32706	88089	1163681	
A	69	13	25	41	
A	69	32868	88141	1158318	
A	70	13	25	41	
A	70	35941	94649	1164227	
A	71	13	25	41	
A	71	32087	86506	1170606	
A	72	13	25	41	
A	72	32924	87707	1159890	
A	73	13	25	41	
A	73	33288	88637	1158463	
A	74	13	25	41	
A	74	34509	92236	1155464	
A	75	13	25	41	
A	75	34151	91320	1162282	
A	76	13	25	41	
A	76	35512	93223	1167955	
A	77	13	25	41	
A	77	34829	92429	1162123	
A	78	13	25	41	
A	78	34798	92728	1161965	
A	79	13	25	41	
A	79	33763	90114	1157625	
A	80	13	25	41	
A	80	35706	94555	1162596	
A	81	13	25	41	
A	81	36827	96850	1169857	
A	82	13	25	41	
A	82	34995	92883	1162868	
A	83	13	25	41	
A	83	36955	97431	1160601	
A	84	13	25	41	
A	84	36974	97262	1157164	
A	85	13	25	41	
A	85	36205	96070	1165526	
A	86	13	25	41	
A	86	34378	92395	1166461	
A	87	13	25	41	
A	87	37042	97485	1160488	
A	88	13	25	41	
A	88	37714	98083	1157098	
A	89	13	25	41	
A	89	37026	97401	1163128	
A	90	13	25	41	
A	90	37658	99821	1164920	
A	91	13	25	41	
A	91	40188	104630	1168271	
A	92	13	25	41	
A	92	37680	99023	1161072	
A	93	13	25	41	
A	93	40339	104813	1160258	
A	94	13	25	41	
A	94	38116	100656	1160108	
A	95	13	25	41	
A	95	38824	102113	1161537	
A	96	13	25	41	
A	96	35147	94107	1164569	
A	97	13	25	41	
A	97	39212	103071	1163101	
A	98	13	25	41	
A	98	38536	101346	1158857	
A	99	13	25	41	
A	99	40545	105761	1159791	
A	100	13	25	41	
A	100	39003	102416	1160613	
A	101	13	25	41	
A	101	40076	105202	1166571	
A	102	13	25	41	
A	102	39511	103494	1167790	
A	103	13	25	41	
A	103	42022	109096	1159630	
A	104	13	25	41	
A	104	41344	107936	1163488	
A	105	13	25	41	
A	105	47038	119151	1162678	
A	106	13	25	41	
A	106	43579	112350	1169118	
A	107	13	25	41	
A	107	43024	111453	1168313	
A	108	13	25	41	
A	108	43366	112141	1165646	
A	109	13	25	41	
A	109	40873	107036	1163925	
A	110	13	25	41	
A	110	43995	113365	1167352	
A	111	13	25	41	
A	111	41846	108750	1172438	
A	112	13	25	41	
A	112	41708	108728	1168450	
A	113	13	25	41	
A	113	42342	110432	1166433	
A	114	13	25	41	
A	114	46094	117444	1162316	
A	115	13	25	41	
A	115	43309	111847	1167234	
A	116	13	25	41	
A	116	43860	113004	1173117	
A	117	13	25	41	
A	117	43371	112658	1167858	
A	118	13	25	41	
A	118	44790	115580	1164315	
A	119	13	25	41	
A	119	43400	112651	1164406	
A	120	13	25	41	
A	120	44499	114730	1169431	
A	121	13	25	41	
A	121	46793	120131	1173593	
A	122	13	25	41	
A	122	44302	114518	1170575	
A	123	13	25	41	
A	123	47469	120671	1163191	
A	124	13	25	41	
A	124	48263	122535	1163830	
A	125	13	25	41	
A	125	47868	122070	1169698	
A	126	13	25	41	
A	126	48749	123846	1174950	
A	127	13	25	41	
A	127	47162	120121	1169839	
A	128	13	25	41	
A	128	47301	121157	1164070	
A	129	13	25	41	
A	129	45203	116600	1168692	
A	130	13	25	41	
A	130	47340	121588	1174392	
A	131	13	25	41	
A	131	48450	123518	1178672	
A	132	13	25	41	
A	132	49591	125403	1172718	
A	133	13	25	41	
A	133	49435	125339	1168448	
A	134	13	25	41	
A	134	51598	129614	1170237	
A	135	13	25	41	
A	135	50431	127134	1173962	
A	136	13	25	41	
A	136	51452	129719	1175773	
A	137	13	25	41	
A	137	51363	129924	1172699	
A	138	13	25	41	
A	138	52233	130993	1169377	
A	139	13	25	41	
A	139	52207	131688	1172291	
A	140	13	25	41	
A	140	50764	129453	1176872	
A	141	13	25	41	
A	141	53736	135621	1179640	
A	142	13	25	41	
A	142	50853	128187	1175877	
A	143	13	25	41	
A	143	51744	129981	1174746	
A	144	13	25	41	
A	144	50787	128532	1175390	
A	145	13	25	41	
A	145	52572	131962	1179084	
A	146	13	25	41	
A	146	52771	132470	1178983	
A	147	13	25	41	
A	147	50867	129000	1177813	
A	148	13	25	41	
A	148	53038	133245	1174673	
A	149	13	25	41	
A	149	53021	133584	1175548	
T	0	13	25	41	
T	0	7002	42252	903100	
T	1	13	25	41	
T	1	6599	31416	1142484	
T	2	13	25	41	
T	2	9792	45134	1278266	
T	3	13	25	41	
T	3	11105	49364	1266098	
T	4	13	25	41	
T	4	10657	46819	1200085	
T	5	13	25	41	
T	5	10198	44165	1107929	
T	6	13	25	41	
T	6	9501	43261	1135366	
T	7	13	25	41	
T	7	12540	52073	1190714	
T	8	13	25	41	
T	8	12245	51331	1199501	
T	9	13	25	41	
T	9	10320	46172	1157180	
T	10	13	25	41	
T	10	11110	47788	1160592	
T	11	13	25	41	
T	11	11401	48970	1155817	
T	12	13	25	41	
T	12	11746	50316	1170012	
T	13	13	25	41	
T	13	12810	53364	1166825	
T	14	13	25	41	
T	14	11219	48388	1160521	
T	15	13	25	41	
T	15	5047	27709	1171794	
T	16	13	25	41	
T	16	4831	26581	1166129	
T	17	13	25	41	
T	17	5081	27379	1173487	
T	18	13	25	41	
T	18	5260	27936	1175508	
T	19	13	25	41	
T	19	4651	25265	1160574	
T	20	13	25	41	
T	20	4768	25647	1156869	
T	21	13	25	41	
T	21	5060	26457	1161684	
T	22	13	25	41	
T	22	5165	26096	1162846	
T	23	13	25	41	
T	23	5330	27399	1163262	
T	24	13	25	41	
T	24	5205	26391	1164138	
T	25	13	25	41	
T	25	9712	37731	1162839	
T	26	13	25	41	
T	26	10542	39898	1164495	
T	27	13	25	41	
T	27	10297	39501	1158538	
T	28	13	25	41	
T	28	11119	41058	1164479	
T	29	13	25	41	
T	29	11377	41289	1159126	
T	30	13	25	41	
T	30	10449	38803	1150227	
T	31	13	25	41	
T	31	10827	39631	1156159	
T	32	13	25	41	
T	32	11581	41725	1155091	
T	33	13	25	41	
T	33	11100	40042	1158552	
T	34	13	25	41	
T	34	11990	42524	1154884	
T	35	13	25	41	
T	35	9940	36700	1150001	
T	36	13	25	41	
T	36	10420	38293	1153764	
T	37	13	25	41	
T	37	10164	36804	1158293	
T	38	13	25	41	
T	38	10895	39157	1162195	
T	39	13	25	41	
T	39	10327	37387	1158077	
T	40	13	25	41	
T	40	10481	37715	1147005	
T	41	13	25	41	
T	41	10782	38057	1150321	
T	42	13	25	41	
T	42	11234	39590	1159441	
T	43	13	25	41	
T	43	10827	38093	1156212	
T	44	13	25	41	
T	44	11535	40007	1151339	
T	45	13	25	41	
T	45	11129	38837	1147800	
T	46	13	25	41	
T	46	11774	40224	1149806	
T	47	13	25	41	
T	47	11666	39958	1165965	
T	48	13	25	41	
T	48	12144	41620	1158098	
T	49	13	25	41	
T	49	11553	39861	1145037	
T	50	13	25	41	
T	50	12520	41879	1152568	
T	51	13	25	41	
T	51	11729	39747	1148979	
T	52	13	25	41	
T	52	12629	42810	1160607	
T	53	13	25	41	
T	53	12067	41444	1156390	
T	54	13	25	41	
T	54	12438	42127	1147177	
T	55	13	25	41	
T	55	12137	41374	1146468	
T	56	13	25	41	
T	56	13045	43038	1151982	
T	57	13	25	41	
T	57	13455	43804	1158869	
T	58	13	25	41	
T	58	13259	43451	1155399	
T	59	13	25	41	
T	59	13742	44623	1145934	
T	60	13	25	41	
T	60	13833	45053	1145778	
T	61	13	25	41	
T	61	13601	44753	1151692	
T	62	13	25	41	
T	62	13449	43846	1156447	
T	63	13	25	41	
T	63	14382	46145	1158146	
T	64	13	25	41	
T	64	14753	47115	1154084	
T	65	13	25	41	
T	65	14609	47310	1147943	
T	66	13	25	41	
T	66	13079	43360	1154056	
T	67	13	25	41	
T	67	14165	46089	1155843	
T	68	13	25	41	
T	68	14505	46905	1156771	
T	69	13	25	41	
T	69	14736	47557	1150968	
T	70	13	25	41	
T	70	15634	50122	1149883	
T	71	13	25	41	
T	71	14569	47143	1151743	
T	72	13	25	41	
T	72	15297	49407	1158459	
T	73	13	25	41	
T	73	15481	49444	1156405	
T	74	13	25	41	
T	74	15645	49910	1153130	
T	75	13	25	41	
T	75	15420	49467	1147849	
T	76	13	25	41	
T	76	15828	50558	1148729	
T	77	13	25	41	
T	77	16023	51023	1157692	
T	78	13	25	41	
T	78	16025	51201	1153746	
T	79	13	25	41	
T	79	16065	51308	1148936	
T	80	13	25	41	
T	80	16285	51566	1149897	
T	81	13	25	41	
T	81	16647	52783	1150303	
T	82	13	25	41	
T	82	16726	53308	1157064	
T	83	13	25	41	
T	83	17805	55526	1154060	
T	84	13	25	41	
T	84	17491	54626	1148241	
T	85	13	25	41	
T	85	16774	53598	1147208	
T	86	13	25	41	
T	86	16399	52261	1151182	
T	87	13	25	41	
T	87	17714	55182	1155161	
T	88	13	25	41	
T	88	17916	56155	1150534	
T	89	13	25	41	
T	89	17792	55348	1145224	
T	90	13	25	41	
T	90	17867	56721	1146448	
T	91	13	25	41	
T	91	18631	58308	1149507	
T	92	13	25	41	
T	92	18099	56830	1153163	
T	93	13	25	41	
T	93	18925	59142	1148870	
T	94	13	25	41	
T	94	18675	57577	1147387	
T	95	13	25	41	
T	95	18423	57653	1144049	
T	96	13	25	41	
T	96	17707	55999	1147028	
T	97	13	25	41	
T	97	19039	59278	1150908	
T	98	13	25	41	
T	98	19272	59589	1150825	
T	99	13	25	41	
T	99	19287	60419	1146523	
T	100	13	25	41	
T	100	18669	58400	1141216	
T	101	13	25	41	
T	101	19360	60350	1149167	
T	102	13	25	41	
T	102	19502	60740	1144360	
T	103	13	25	41	
T	103	20729	63500	1149032	
T	104	13	25	41	
T	104	20185	62441	1140537	
T	105	13	25	41	
T	105	22515	67923	1144116	
T	106	13	25	41	
T	106	21090	64929	1148870	
T	107	13	25	41	
T	107	21472	66118	1146367	
T	108	13	25	41	
T	108	21291	65362	1149511	
T	109	13	25	41	
T	109	20933	64115	1144078	
T	110	13	25	41	
T	110	21252	65929	1141267	
T	111	13	25	41	
T	111	20911	64669	1142320	
T	112	13	25	41	
T	112	21262	66124	1148579	
T	113	13	25	41	
T	113	21981	66695	1145485	
T	114	13	25	41	
T	114	23357	70261	1139793	
T	115	13	25	41	
T	115	21745	66785	1138881	
T	116	13	25	41	
T	116	22264	67507	1139106	
T	117	13	25	41	
T	117	22682	69074	1145316	
T	118	13	25	41	
T	118	23473	70783	1144958	
T	119	13	25	41	
T	119	22817	69319	1139626	
T	120	13	25	41	
T	120	23304	70553	1137888	
T	121	13	25	41	
T	121	23897	72229	1139449	
T	122	13	25	41	
T	122	23438	70644	1139115	
T	123	13	25	41	
T	123	24233	73073	1138002	
T	124	13	25	41	
T	124	24399	73631	1133822	
T	125	13	25	41	
T	125	24146	73288	1131117	
T	126	13	25	41	
T	126	24935	74937	1129516	
T	127	13	25	41	
T	127	24864	75000	1134588	
T	128	13	25	41	
T	128	25283	75604	1134221	
T	129	13	25	41	
T	129	24381	73142	1127033	
T	130	13	25	41	
T	130	25315	75373	1125309	
T	131	13	25	41	
T	131	25515	75900	1127188	
T	132	13	25	41	
T	132	25991	77639	1126115	
T	133	13	25	41	
T	133	26371	77624	1126291	
T	134	13	25	41	
T	134	27294	79911	1120410	
T	135	13	25	41	
T	135	26439	78935	1118661	
T	136	13	25	41	
T	136	27524	80788	1123099	
T	137	13	25	41	
T	137	27218	80643	1123347	
T	138	13	25	41	
T	138	28401	82960	1123469	
T	139	13	25	41	
T	139	28307	82012	1115890	
T	140	13	25	41	
T	140	27923	81171	1114202	
T	141	13	25	41	
T	141	28868	83921	1112776	
T	142	13	25	41	
T	142	28910	83391	1113972	
T	143	13	25	41	
T	143	28366	82425	1109431	
T	144	13	25	41	
T	144	28400	82638	1103966	
T	145	13	25	41	
T	145	29141	83832	1103522	
T	146	13	25	41	
T	146	29258	84640	1104342	
T	147	13	25	41	
T	147	28847	83355	1103944	
T	148	13	25	41	
T	148	30103	85874	1103609	
T	149	13	25	41	
T	149	30289	86149	1098535	
G	0	13	25	41	
G	0	6128	46174	817679	
G	1	13	25	41	
G	1	5006	23257	841218	
G	2	13	25	41	
G	2	4949	23278	732274	
G	3	13	25	41	
G	3	7146	30607	797044	
G	4	13	25	41	
G	4	8305	33987	811748	
G	5	13	25	41	
G	5	9227	37283	849996	
G	6	13	25	41	
G	6	7746	33179	825613	
G	7	13	25	41	
G	7	9703	38028	808240	
G	8	13	25	41	
G	8	9580	37775	823172	
G	9	13	25	41	
G	9	9017	36671	834543	
G	10	13	25	41	
G	10	9400	38146	837793	
G	11	13	25	41	
G	11	9451	38295	838987	
G	12	13	25	41	
G	12	9872	39461	826659	
G	13	13	25	41	
G	13	10745	41367	827852	
G	14	13	25	41	
G	14	9967	39424	832976	
G	15	13	25	41	
G	15	4701	23030	830981	
G	16	13	25	41	
G	16	4698	22974	832179	
G	17	13	25	41	
G	17	4770	22780	828985	
G	18	13	25	41	
G	18	5043	23620	832937	
G	19	13	25	41	
G	19	4282	21316	840030	
G	20	13	25	41	
G	20	4746	22234	844435	
G	21	13	25	41	
G	21	4870	22867	836285	
G	22	13	25	41	
G	22	5053	23394	837357	
G	23	13	25	41	
G	23	5319	23657	843919	
G	24	13	25	41	
G	24	5249	23341	838507	
G	25	13	25	41	
G	25	8787	31576	840458	
G	26	13	25	41	
G	26	9369	32750	834512	
G	27	13	25	41	
G	27	9211	31759	839249	
G	28	13	25	41	
G	28	10171	34154	840336	
G	29	13	25	41	
G	29	10234	34696	846550	
G	30	13	25	41	
G	30	9881	33256	844350	
G	31	13	25	41	
G	31	10040	33935	845850	
G	32	13	25	41	
G	32	10385	34617	842855	
G	33	13	25	41	
G	33	10154	33291	840062	
G	34	13	25	41	
G	34	10915	35697	839769	
G	35	13	25	41	
G	35	9792	32107	845573	
G	36	13	25	41	
G	36	10619	33957	839326	
G	37	13	25	41	
G	37	9784	32307	845872	
G	38	13	25	41	
G	38	10340	33537	845239	
G	39	13	25	41	
G	39	10137	32794	843709	
G	40	13	25	41	
G	40	10280	32835	848302	
G	41	13	25	41	
G	41	10325	33018	844135	
G	42	13	25	41	
G	42	10250	33036	840902	
G	43	13	25	41	
G	43	10179	32767	844670	
G	44	13	25	41	
G	44	10783	33825	847023	
G	45	13	25	41	
G	45	11152	34252	846375	
G	46	13	25	41	
G	46	11175	34677	838026	
G	47	13	25	41	
G	47	11037	34223	839054	
G	48	13	25	41	
G	48	11433	35356	838900	
G	49	13	25	41	
G	49	11331	34431	842915	
G	50	13	25	41	
G	50	11850	36169	839292	
G	51	13	25	41	
G	51	11177	34388	842730	
G	52	13	25	41	
G	52	12666	36959	840368	
G	53	13	25	41	
G	53	12043	36005	847561	
G	54	13	25	41	
G	54	12462	37048	850277	
G	55	13	25	41	
G	55	12393	37079	847149	
G	56	13	25	41	
G	56	12700	37111	841674	
G	57	13	25	41	
G	57	13167	38203	838212	
G	58	13	25	41	
G	58	13051	37783	840685	
G	59	13	25	41	
G	59	13178	38475	846300	
G	60	13	25	41	
G	60	13811	39529	849408	
G	61	13	25	41	
G	61	13931	39188	845458	
G	62	13	25	41	
G	62	13122	37549	839014	
G	63	13	25	41	
G	63	13908	39218	844913	
G	64	13	25	41	
G	64	14529	41357	846055	
G	65	13	25	41	
G	65	14961	42592	848315	
G	66	13	25	41	
G	66	13423	38324	839583	
G	67	13	25	41	
G	67	14049	40445	841851	
G	68	13	25	41	
G	68	14601	41562	839207	
G	69	13	25	41	
G	69	14723	41719	851377	
G	70	13	25	41	
G	70	15510	44186	847125	
G	71	13	25	41	
G	71	14125	40894	842175	
G	72	13	25	41	
G	72	14776	42334	845170	
G	73	13	25	41	
G	73	14860	42754	845106	
G	74	13	25	41	
G	74	15326	43640	848265	
G	75	13	25	41	
G	75	15076	43004	849095	
G	76	13	25	41	
G	76	15705	44554	845550	
G	77	13	25	41	
G	77	15280	43967	845058	
G	78	13	25	41	
G	78	15654	44854	848082	
G	79	13	25	41	
G	79	15524	44696	850541	
G	80	13	25	41	
G	80	15639	44646	847615	
G	81	13	25	41	
G	81	16040	45841	840564	
G	82	13	25	41	
G	82	15909	45518	842291	
G	83	13	25	41	
G	83	16329	46530	848212	
G	84	13	25	41	
G	84	16616	47509	848249	
G	85	13	25	41	
G	85	16123	45449	846388	
G	86	13	25	41	
G	86	15747	44765	844478	
G	87	13	25	41	
G	87	16674	47183	846643	
G	88	13	25	41	
G	88	17004	48087	850549	
G	89	13	25	41	
G	89	16731	47072	847992	
G	90	13	25	41	
G	90	17096	48320	845122	
G	91	13	25	41	
G	91	17824	49979	844454	
G	92	13	25	41	
G	92	17162	47779	841702	
G	93	13	25	41	
G	93	18100	50589	844805	
G	94	13	25	41	
G	94	17740	49267	844208	
G	95	13	25	41	
G	95	17682	49554	842779	
G	96	13	25	41	
G	96	16672	47163	843486	
G	97	13	25	41	
G	97	17818	50324	842918	
G	98	13	25	41	
G	98	17908	50301	844935	
G	99	13	25	41	
G	99	18604	51892	848904	
G	100	13	25	41	
G	100	18000	50880	849011	
G	101	13	25	41	
G	101	18470	51394	843476	
G	102	13	25	41	
G	102	18571	51606	846258	
G	103	13	25	41	
G	103	19404	53744	848309	
G	104	13	25	41	
G	104	19302	53556	850486	
G	105	13	25	41	
G	105	21008	57359	843539	
G	106	13	25	41	
G	106	19713	54242	842680	
G	107	13	25	41	
G	107	19963	54983	844121	
G	108	13	25	41	
G	108	20027	55240	845343	
G	109	13	25	41	
G	109	19661	54193	848908	
G	110	13	25	41	
G	110	20594	56320	847941	
G	111	13	25	41	
G	111	19977	55002	847124	
G	112	13	25	41	
G	112	19968	55388	845959	
G	113	13	25	41	
G	113	20239	55815	849605	
G	114	13	25	41	
G	114	22230	60001	854423	
G	115	13	25	41	
G	115	21073	57835	849844	
G	116	13	25	41	
G	116	21227	57735	847570	
G	117	13	25	41	
G	117	21336	58141	847054	
G	118	13	25	41	
G	118	21905	59855	850388	
G	119	13	25	41	
G	119	21939	59419	850574	
G	120	13	25	41	
G	120	21992	59597	850033	
G	121	13	25	41	
G	121	22811	61599	850148	
G	122	13	25	41	
G	122	22278	60380	850475	
G	123	13	25	41	
G	123	23873	63777	853789	
G	124	13	25	41	
G	124	23722	63525	853711	
G	125	13	25	41	
G	125	23810	64106	851668	
G	126	13	25	41	
G	126	24294	65041	852655	
G	127	13	25	41	
G	127	24024	64424	853670	
G	128	13	25	41	
G	128	24641	65890	854868	
G	129	13	25	41	
G	129	24059	64432	858465	
G	130	13	25	41	
G	130	24936	66530	855780	
G	131	13	25	41	
G	131	25692	67423	854414	
G	132	13	25	41	
G	132	25659	68540	858217	
G	133	13	25	41	
G	133	26316	69577	858426	
G	134	13	25	41	
G	134	27643	71810	861363	
G	135	13	25	41	
G	135	27102	72013	861636	
G	136	13	25	41	
G	136	28394	73955	858944	
G	137	13	25	41	
G	137	28602	73729	858956	
G	138	13	25	41	
G	138	29064	75875	861518	
G	139	13	25	41	
G	139	29422	75892	866061	
G	140	13	25	41	
G	140	29218	76159	864983	
G	141	13	25	41	
G	141	30554	79201	864253	
G	142	13	25	41	
G	142	30730	79083	866490	
G	143	13	25	41	
G	143	31070	80258	868615	
G	144	13	25	41	
G	144	31469	80776	872290	
G	145	13	25	41	
G	145	32231	82553	873135	
G	146	13	25	41	
G	146	32969	83744	872246	
G	147	13	25	41	
G	147	33142	84456	876014	
G	148	13	25	41	
G	148	34224	86627	879709	
G	149	13	25	41	
G	149	34794	87934	880356	
C	0	13	25	41	
C	0	10894	56893	921393	
C	1	13	25	41	
C	1	8945	39102	809862	
C	2	13	25	41	
C	2	10834	44154	850598	
C	3	13	25	41	
C	3	14581	51965	799239	
C	4	13	25	41	
C	4	16516	58839	848819	
C	5	13	25	41	
C	5	18010	60484	822792	
C	6	13	25	41	
C	6	17359	60097	852381	
C	7	13	25	41	
C	7	21137	67820	841524	
C	8	13	25	41	
C	8	20968	68369	849279	
C	9	13	25	41	
C	9	19089	64195	843056	
C	10	13	25	41	
C	10	19605	64824	833871	
C	11	13	25	41	
C	11	20514	66771	834466	
C	12	13	25	41	
C	12	21679	69532	830990	
C	13	13	25	41	
C	13	23995	74266	834880	
C	14	13	25	41	
C	14	21320	68627	833251	
C	15	13	25	41	
C	15	11853	45818	834532	
C	16	13	25	41	
C	16	11822	45086	831054	
C	17	13	25	41	
C	17	12514	47038	839030	
C	18	13	25	41	
C	18	12877	46791	837555	
C	19	13	25	41	
C	19	11721	44178	833810	
C	20	13	25	41	
C	20	12096	45111	834858	
C	21	13	25	41	
C	21	12595	45613	836860	
C	22	13	25	41	
C	22	12581	45494	828829	
C	23	13	25	41	
C	23	14087	49407	839100	
C	24	13	25	41	
C	24	13629	47796	841120	
C	25	13	25	41	
C	25	18756	56316	836046	
C	26	13	25	41	
C	26	20135	59394	839333	
C	27	13	25	41	
C	27	20195	59720	837287	
C	28	13	25	41	
C	28	21208	60873	833522	
C	29	13	25	41	
C	29	21262	61673	835303	
C	30	13	25	41	
C	30	20102	58614	834690	
C	31	13	25	41	
C	31	21317	60899	831885	
C	32	13	25	41	
C	32	22406	62921	839014	
C	33	13	25	41	
C	33	20924	60883	842538	
C	34	13	25	41	
C	34	23703	65883	848947	
C	35	13	25	41	
C	35	19654	56993	838838	
C	36	13	25	41	
C	36	21117	59962	833858	
C	37	13	25	41	
C	37	19278	56074	833866	
C	38	13	25	41	
C	38	21651	60868	834615	
C	39	13	25	41	
C	39	20364	58181	841047	
C	40	13	25	41	
C	40	20596	58793	836589	
C	41	13	25	41	
C	41	20722	58444	832864	
C	42	13	25	41	
C	42	21694	60779	833079	
C	43	13	25	41	
C	43	21337	59751	839270	
C	44	13	25	41	
C	44	21813	60530	842953	
C	45	13	25	41	
C	45	21918	60857	838241	
C	46	13	25	41	
C	46	22998	62927	836021	
C	47	13	25	41	
C	47	22025	61246	835330	
C	48	13	25	41	
C	48	23766	64311	844226	
C	49	13	25	41	
C	49	22283	61332	845872	
C	50	13	25	41	
C	50	24382	66120	845025	
C	51	13	25	41	
C	51	21671	60307	837462	
C	52	13	25	41	
C	52	24104	65041	836696	
C	53	13	25	41	
C	53	23329	63797	838829	
C	54	13	25	41	
C	54	23972	65318	839576	
C	55	13	25	41	
C	55	23445	63941	843128	
C	56	13	25	41	
C	56	24523	66141	841496	
C	57	13	25	41	
C	57	24663	66293	839740	
C	58	13	25	41	
C	58	24511	66051	843917	
C	59	13	25	41	
C	59	25132	67707	846397	
C	60	13	25	41	
C	60	26180	69963	840399	
C	61	13	25	41	
C	61	25567	68021	838875	
C	62	13	25	41	
C	62	24630	66292	836694	
C	63	13	25	41	
C	63	26504	69880	840542	
C	64	13	25	41	
C	64	27282	71536	842866	
C	65	13	25	41	
C	65	28635	74093	842933	
C	66	13	25	41	
C	66	23823	64505	841643	
C	67	13	25	41	
C	67	26138	68933	836541	
C	68	13	25	41	
C	68	27147	71386	840341	
C	69	13	25	41	
C	69	27694	72570	839337	
C	70	13	25	41	
C	70	29839	76864	838765	
C	71	13	25	41	
C	71	26370	69654	835476	
C	72	13	25	41	
C	72	27705	72589	836481	
C	73	13	25	41	
C	73	28076	73388	840026	
C	74	13	25	41	
C	74	29166	75570	843141	
C	75	13	25	41	
C	75	28761	74707	840774	
C	76	13	25	41	
C	76	29597	76972	837766	
C	77	13	25	41	
C	77	29418	76067	835127	
C	78	13	25	41	
C	78	30000	77204	836207	
C	79	13	25	41	
C	79	28706	75386	842898	
C	80	13	25	41	
C	80	30042	77287	839892	
C	81	13	25	41	
C	81	30839	79485	839276	
C	82	13	25	41	
C	82	30203	77740	837777	
C	83	13	25	41	
C	83	31340	80208	837127	
C	84	13	25	41	
C	84	31635	81010	846346	
C	85	13	25	41	
C	85	30321	78647	840878	
C	86	13	25	41	
C	86	29096	76046	837879	
C	87	13	25	41	
C	87	30880	79591	837708	
C	88	13	25	41	
C	88	32524	83314	841819	
C	89	13	25	41	
C	89	31682	81716	843656	
C	90	13	25	41	
C	90	32475	83572	843510	
C	91	13	25	41	
C	91	33901	85441	837768	
C	92	13	25	41	
C	92	32345	83043	844063	
C	93	13	25	41	
C	93	34573	86552	846067	
C	94	13	25	41	
C	94	33262	85399	848297	
C	95	13	25	41	
C	95	33370	85771	851635	
C	96	13	25	41	
C	96	30976	80671	844917	
C	97	13	25	41	
C	97	33924	86519	843073	
C	98	13	25	41	
C	98	33641	86161	845383	
C	99	13	25	41	
C	99	34346	87428	844782	
C	100	13	25	41	
C	100	33209	85639	849160	
C	101	13	25	41	
C	101	34016	86259	840786	
C	102	13	25	41	
C	102	33986	87118	841592	
C	103	13	25	41	
C	103	36488	92171	843029	
C	104	13	25	41	
C	104	35654	90314	845489	
C	105	13	25	41	
C	105	39932	99016	849667	
C	106	13	25	41	
C	106	36525	91998	839332	
C	107	13	25	41	
C	107	36592	92368	841199	
C	108	13	25	41	
C	108	36652	92301	839500	
C	109	13	25	41	
C	109	35338	90597	843089	
C	110	13	25	41	
C	110	37764	94674	843440	
C	111	13	25	41	
C	111	35637	90903	838118	
C	112	13	25	41	
C	112	35063	89551	837012	
C	113	13	25	41	
C	113	35822	91068	838477	
C	114	13	25	41	
C	114	38979	96997	843468	
C	115	13	25	41	
C	115	36574	92988	844041	
C	116	13	25	41	
C	116	37288	93666	840207	
C	117	13	25	41	
C	117	37205	94331	839772	
C	118	13	25	41	
C	118	38343	96879	840339	
C	119	13	25	41	
C	119	38205	96568	845394	
C	120	13	25	41	
C	120	38198	96461	842648	
C	121	13	25	41	
C	121	39418	98534	836810	
C	122	13	25	41	
C	122	37958	95026	839835	
C	123	13	25	41	
C	123	40157	100334	845018	
C	124	13	25	41	
C	124	41529	103175	848637	
C	125	13	25	41	
C	125	41170	102291	847517	
C	126	13	25	41	
C	126	41011	101789	842879	
C	127	13	25	41	
C	127	40083	99966	841903	
C	128	13	25	41	
C	128	40907	101832	846841	
C	129	13	25	41	
C	129	39617	99712	845810	
C	130	13	25	41	
C	130	40344	101061	844519	
C	131	13	25	41	
C	131	41274	102770	839726	
C	132	13	25	41	
C	132	41607	103336	842950	
C	133	13	25	41	
C	133	41812	104165	846835	
C	134	13	25	41	
C	134	43848	108244	847990	
C	135	13	25	41	
C	135	42619	105933	845741	
C	136	13	25	41	
C	136	43608	107472	842184	
C	137	13	25	41	
C	137	43351	106510	844998	
C	138	13	25	41	
C	138	44551	109255	845636	
C	139	13	25	41	
C	139	44575	108859	845758	
C	140	13	25	41	
C	140	43406	107476	843943	
C	141	13	25	41	
C	141	45447	111092	843331	
C	142	13	25	41	
C	142	43430	107183	843661	
C	143	13	25	41	
C	143	44179	108722	847208	
C	144	13	25	41	
C	144	43863	108547	848354	
C	145	13	25	41	
C	145	44720	110000	844259	
C	146	13	25	41	
C	146	45136	110908	844429	
C	147	13	25	41	
C	147	43495	107723	842229	
C	148	13	25	41	
C	148	44644	109541	842009	
C	149	13	25	41	
C	149	45955	112525	845561	
N	0	
N	0	
N	1	3	
N	1	7841	
N	2	
N	2	
N	3	
N	3	
N	4	
N	4	
N	5	
N	5	
N	6	
N	6	
N	7	
N	7	
N	8	3	
N	8	85	
N	9	
N	9	
N	10	
N	10	
N	11	
N	11	
N	12	
N	12	
N	13	
N	13	
N	14	
N	14	
N	15	
N	15	
N	16	
N	16	
N	17	
N	17	
N	18	
N	18	
N	19	
N	19	
N	20	
N	20	
N	21	
N	21	
N	22	
N	22	
N	23	
N	23	
N	24	
N	24	
N	25	
N	25	
N	26	
N	26	
N	27	
N	27	
N	28	
N	28	
N	29	
N	29	
N	30	
N	30	
N	31	
N	31	
N	32	
N	32	
N	33	
N	33	
N	34	
N	34	
N	35	
N	35	
N	36	
N	36	
N	37	
N	37	
N	38	
N	38	
N	39	
N	39	
N	40	
N	40	
N	41	
N	41	
N	42	
N	42	
N	43	
N	43	
N	44	
N	44	
N	45	
N	45	
N	46	
N	46	
N	47	
N	47	
N	48	
N	48	
N	49	
N	49	
N	50	
N	50	
N	51	
N	51	
N	52	
N	52	
N	53	
N	53	
N	54	
N	54	
N	55	
N	55	
N	56	
N	56	
N	57	
N	57	
N	58	
N	58	
N	59	
N	59	
N	60	
N	60	
N	61	
N	61	
N	62	
N	62	
N	63	
N	63	
N	64	
N	64	
N	65	
N	65	
N	66	
N	66	
N	67	
N	67	
N	68	
N	68	
N	69	
N	69	
N	70	
N	70	
N	71	
N	71	
N	72	
N	72	
N	73	
N	73	
N	74	
N	74	
N	75	
N	75	
N	76	
N	76	
N	77	
N	77	
N	78	
N	78	
N	79	
N	79	
N	80	
N	80	
N	81	
N	81	
N	82	
N	82	
N	83	
N	83	
N	84	
N	84	
N	85	
N	85	
N	86	
N	86	
N	87	
N	87	
N	88	
N	88	
N	89	
N	89	
N	90	
N	90	
N	91	
N	91	
N	92	
N	92	
N	93	
N	93	
N	94	
N	94	
N	95	
N	95	
N	96	
N	96	
N	97	
N	97	
N	98	
N	98	
N	99	
N	99	
N	100	
N	100	
N	101	
N	101	
N	102	
N	102	
N	103	
N	103	
N	104	
N	104	
N	105	
N	105	
N	106	
N	106	
N	107	
N	107	
N	108	
N	108	
N	109	
N	109	
N	110	
N	110	
N	111	
N	111	
N	112	
N	112	
N	113	
N	113	
N	114	
N	114	
N	115	
N	115	
N	116	
N	116	
N	117	
N	117	
N	118	
N	118	
N	119	
N	119	
N	120	
N	120	
N	121	
N	121	
N	122	
N	122	
N	123	
N	123	
N	124	
N	124	
N	125	
N	125	
N	126	
N	126	
N	127	
N	127	
N	128	
N	128	
N	129	
N	129	
N	130	
N	130	
N	131	
N	131	
N	132	
N	132	
N	133	
N	133	
N	134	
N	134	
N	135	
N	135	
N	136	
N	136	
N	137	
N	137	
N	138	
N	138	
N	139	
N	139	
N	140	
N	140	
N	141	
N	141	
N	142	
N	142	
N	143	
N	143	
N	144	
N	144	
N	145	
N	145	
N	146	
N	146	
N	147	
N	147	
N	148	
N	148	
N	149	
N	149	
