.	0	3	13	25	41	
.	0	14	106216	433122	4000000	
.	1	3	13	25	41	
.	1	906	73501	225488	4000000	
.	2	13	25	41	
.	2	56684	186805	4000000	
.	3	13	25	41	
.	3	53649	175088	4000000	
.	4	13	25	41	
.	4	49203	162852	4000000	
.	5	13	25	41	
.	5	45944	152920	4000000	
.	6	13	25	41	
.	6	46246	153142	4000000	
.	7	13	25	41	
.	7	44962	147988	4000000	
.	8	13	25	41	
.	8	44725	146047	4000000	
.	9	13	25	41	
.	9	43527	142349	4000000	
.	10	13	25	41	
.	10	45502	145990	4000000	
.	11	13	25	41	
.	11	45139	144387	4000000	
.	12	13	25	41	
.	12	44888	143375	4000000	
.	13	13	25	41	
.	13	45973	144989	4000000	
.	14	13	25	41	
.	14	47531	149129	4000000	
.	15	13	25	41	
.	15	40672	131731	4000000	
.	16	13	25	41	
.	16	42209	134820	4000000	
.	17	13	25	41	
.	17	40815	131263	4000000	
.	18	13	25	41	
.	18	43486	136943	4000000	
.	19	13	25	41	
.	19	44202	137165	4000000	
.	20	13	25	41	
.	20	41337	131197	4000000	
.	21	13	25	41	
.	21	43078	134525	4000000	
.	22	13	25	41	
.	22	43701	135495	4000000	
.	23	13	25	41	
.	23	43102	134303	4000000	
.	24	13	25	41	
.	24	44891	137492	4000000	
.	25	13	25	41	
.	25	58083	176813	4000000	
.	26	13	25	41	
.	26	58023	176610	4000000	
.	27	13	25	41	
.	27	59920	181019	4000000	
.	28	13	25	41	
.	28	59883	179893	4000000	
.	29	13	25	41	
.	29	59710	178910	4000000	
.	30	13	25	41	
.	30	62123	184287	4000000	
.	31	13	25	41	
.	31	61623	183387	4000000	
.	32	13	25	41	
.	32	60517	180048	4000000	
.	33	13	25	41	
.	33	63394	186660	4000000	
.	34	13	25	41	
.	34	64632	188684	4000000	
.	35	13	25	41	
.	35	63697	186685	4000000	
.	36	13	25	41	
.	36	66781	192715	4000000	
.	37	13	25	41	
.	37	65876	190779	4000000	
.	38	13	25	41	
.	38	64659	187105	4000000	
.	39	13	25	41	
.	39	67580	194051	4000000	
.	40	13	25	41	
.	40	65372	187832	4000000	
.	41	13	25	41	
.	41	67001	191590	4000000	
.	42	13	25	41	
.	42	67510	192833	4000000	
.	43	13	25	41	
.	43	67299	192465	4000000	
.	44	13	25	41	
.	44	66302	189590	4000000	
.	45	13	25	41	
.	45	68456	194473	4000000	
.	46	13	25	41	
.	46	71296	200402	4000000	
.	47	13	25	41	
.	47	71909	201887	4000000	
.	48	13	25	41	
.	48	70076	197847	4000000	
.	49	13	25	41	
.	49	71400	199761	4000000	
.	50	13	25	41	
.	50	72169	202379	4000000	
.	51	13	25	41	
.	51	72541	202417	4000000	
.	52	13	25	41	
.	52	72469	202223	4000000	
.	53	13	25	41	
.	53	75224	208776	4000000	
.	54	13	25	41	
.	54	77974	215603	4000000	
.	55	13	25	41	
.	55	77692	214524	4000000	
.	56	13	25	41	
.	56	76587	211567	4000000	
.	57	13	25	41	
.	57	77537	213948	4000000	
.	58	13	25	41	
.	58	79471	218681	4000000	
.	59	13	25	41	
.	59	79669	218581	4000000	
.	60	13	25	41	
.	60	83612	227536	4000000	
.	61	13	25	41	
.	61	80663	220627	4000000	
.	62	13	25	41	
.	62	80551	221214	4000000	
.	63	13	25	41	
.	63	81974	224130	4000000	
.	64	13	25	41	
.	64	81929	224211	4000000	
.	65	13	25	41	
.	65	84633	228722	4000000	
.	66	13	25	41	
.	66	83605	227681	4000000	
.	67	13	25	41	
.	67	85484	231809	4000000	
.	68	13	25	41	
.	68	89210	240218	4000000	
.	69	13	25	41	
.	69	88508	239002	4000000	
.	70	13	25	41	
.	70	89891	241573	4000000	
.	71	13	25	41	
.	71	88180	238253	4000000	
.	72	13	25	41	
.	72	92625	247364	4000000	
.	73	13	25	41	
.	73	93267	249352	4000000	
.	74	13	25	41	
.	74	95677	255986	4000000	
.	75	13	25	41	
.	75	94783	252930	4000000	
.	76	13	25	41	
.	76	95966	256166	4000000	
.	77	13	25	41	
.	77	94142	251164	4000000	
.	78	13	25	41	
.	78	98076	260857	4000000	
.	79	13	25	41	
.	79	98010	261708	4000000	
.	80	13	25	41	
.	80	98934	264060	4000000	
.	81	13	25	41	
.	81	101094	268200	4000000	
.	82	13	25	41	
.	82	97081	259382	4000000	
.	83	13	25	41	
.	83	98445	262513	4000000	
.	84	13	25	41	
.	84	102415	271688	4000000	
.	85	13	25	41	
.	85	101787	270911	4000000	
.	86	13	25	41	
.	86	103278	273386	4000000	
.	87	13	25	41	
.	87	108830	285973	4000000	
.	88	13	25	41	
.	88	110743	290069	4000000	
.	89	13	25	41	
.	89	110050	288918	4000000	
.	90	13	25	41	
.	90	108526	285124	4000000	
.	91	13	25	41	
.	91	108018	284559	4000000	
.	92	13	25	41	
.	92	111437	292489	4000000	
.	93	13	25	41	
.	93	113495	296659	4000000	
.	94	13	25	41	
.	94	110867	292831	4000000	
.	95	13	25	41	
.	95	113091	298295	4000000	
.	96	13	25	41	
.	96	114607	301213	4000000	
.	97	13	25	41	
.	97	117135	306325	4000000	
.	98	13	25	41	
.	98	120403	313767	4000000	
.	99	13	25	41	
.	99	121073	314526	4000000	
.	100	13	25	41	
.	100	122265	317590	4000000	
.	101	13	25	41	
.	101	123978	322109	4000000	
.	102	13	25	41	
.	102	128038	329837	4000000	
.	103	13	25	41	
.	103	126468	327502	4000000	
.	104	13	25	41	
.	104	127195	329568	4000000	
.	105	13	25	41	
.	105	129550	334827	4000000	
.	106	13	25	41	
.	106	130606	336353	4000000	
.	107	13	25	41	
.	107	130077	336865	4000000	
.	108	13	25	41	
.	108	132416	341045	4000000	
.	109	13	25	41	
.	109	132791	343923	4000000	
.	110	13	25	41	
.	110	129825	336141	4000000	
.	111	13	25	41	
.	111	136036	349042	4000000	
.	112	13	25	41	
.	112	135026	346559	4000000	
.	113	13	25	41	
.	113	136775	351203	4000000	
.	114	13	25	41	
.	114	141734	361584	4000000	
.	115	13	25	41	
.	115	137087	350284	4000000	
.	116	13	25	41	
.	116	137821	353236	4000000	
.	117	13	25	41	
.	117	140616	358570	4000000	
.	118	13	25	41	
.	118	143815	365708	4000000	
.	119	13	25	41	
.	119	144307	366868	4000000	
.	120	13	25	41	
.	120	143552	364414	4000000	
.	121	13	25	41	
.	121	144528	366284	4000000	
.	122	13	25	41	
.	122	148852	373311	4000000	
.	123	13	25	41	
.	123	145856	368034	4000000	
.	124	13	25	41	
.	124	151966	380827	4000000	
.	125	13	25	41	
.	125	150998	378781	4000000	
.	126	13	25	41	
.	126	155165	386212	4000000	
.	127	13	25	41	
.	127	157793	391362	4000000	
.	128	13	25	41	
.	128	158691	393882	4000000	
.	129	13	25	41	
.	129	163437	402610	4000000	
.	130	13	25	41	
.	130	161333	398986	4000000	
.	131	13	25	41	
.	131	166285	408046	4000000	
.	132	13	25	41	
.	132	169714	413068	4000000	
.	133	13	25	41	
.	133	169183	412572	4000000	
.	134	13	25	41	
.	134	172401	417797	4000000	
.	135	13	25	41	
.	135	174582	422009	4000000	
.	136	13	25	41	
.	136	180860	432501	4000000	
.	137	13	25	41	
.	137	181755	434727	4000000	
.	138	13	25	41	
.	138	186361	441687	4000000	
.	139	13	25	41	
.	139	189288	449053	4000000	
.	140	13	25	41	
.	140	187471	443303	4000000	
.	141	13	25	41	
.	141	193418	454251	4000000	
.	142	13	25	41	
.	142	197936	461897	4000000	
.	143	13	25	41	
.	143	199293	464478	4000000	
.	144	13	25	41	
.	144	199178	462827	4000000	
.	145	13	25	41	
.	145	204982	473101	4000000	
.	146	13	25	41	
.	146	212392	488773	4000000	
.	147	13	25	41	
.	147	208725	479285	4000000	
.	148	13	25	41	
.	148	217102	494974	4000000	
.	149	13	25	41	
.	149	220296	499515	4000000	
A	0	13	25	41	
A	0	49546	198078	1342926	
A	1	13	25	41	
A	1	34412	105816	1197738	
A	2	13	25	41	
A	2	22828	74125	1132607	
A	3	13	25	41	
A	3	22680	70704	1131113	
A	4	13	25	41	
A	4	20239	63452	1129873	
A	5	13	25	41	
A	5	19720	62638	1211578	
A	6	13	25	41	
A	6	18996	60358	1174502	
A	7	13	25	41	
A	7	18324	57059	1151602	
A	8	13	25	41	
A	8	17974	54860	1122918	
A	9	13	25	41	
A	9	17516	54074	1155373	
A	10	13	25	41	
A	10	18344	55193	1157426	
A	11	13	25	41	
A	11	18018	54373	1162855	
A	12	13	25	41	
A	12	17829	53373	1162857	
A	13	13	25	41	
A	13	17930	53169	1161583	
A	14	13	25	41	
A	14	18580	54535	1160559	
A	15	13	25	41	
A	15	15348	47045	1151588	
A	16	13	25	41	
A	16	16172	48388	1160859	
A	17	13	25	41	
A	17	15324	46721	1148581	
A	18	13	25	41	
A	18	16520	48764	1143426	
A	19	13	25	41	
A	19	17148	49435	1154799	
A	20	13	25	41	
A	20	15663	46482	1152703	
A	21	13	25	41	
A	21	16534	48698	1154717	
A	22	13	25	41	
A	22	16805	49350	1161922	
A	23	13	25	41	
A	23	16112	47400	1143960	
A	24	13	25	41	
A	24	16850	48814	1146061	
A	25	13	25	41	
A	25	20197	58841	1148989	
A	26	13	25	41	
A	26	19793	58025	1153426	
A	27	13	25	41	
A	27	20855	60261	1154057	
A	28	13	25	41	
A	28	20822	60219	1149611	
A	29	13	25	41	
A	29	20404	58844	1146952	
A	30	13	25	41	
A	30	21474	61041	1157175	
A	31	13	25	41	
A	31	21162	60858	1152298	
A	32	13	25	41	
A	32	20908	59593	1150414	
A	33	13	25	41	
A	33	21558	61547	1144929	
A	34	13	25	41	
A	34	21963	61913	1142768	
A	35	13	25	41	
A	35	22023	62083	1156134	
A	36	13	25	41	
A	36	23567	64976	1160174	
A	37	13	25	41	
A	37	22590	63181	1150834	
A	38	13	25	41	
A	38	22065	61654	1150127	
A	39	13	25	41	
A	39	23050	63325	1145340	
A	40	13	25	41	
A	40	22031	61383	1156235	
A	41	13	25	41	
A	41	22776	63086	1161320	
A	42	13	25	41	
A	42	22907	63429	1154756	
A	43	13	25	41	
A	43	22874	63762	1149083	
A	44	13	25	41	
A	44	21907	61115	1147719	
A	45	13	25	41	
A	45	23412	64274	1152589	
A	46	13	25	41	
A	46	24326	66866	1162852	
A	47	13	25	41	
A	47	24473	66749	1147754	
A	48	13	25	41	
A	48	23493	64254	1146399	
A	49	13	25	41	
A	49	24045	65309	1153660	
A	50	13	25	41	
A	50	23843	65631	1152690	
A	51	13	25	41	
A	51	24792	67512	1158958	
A	52	13	25	41	
A	52	24144	65964	1152666	
A	53	13	25	41	
A	53	25105	68141	1145565	
A	54	13	25	41	
A	54	26215	70757	1151788	
A	55	13	25	41	
A	55	26274	70895	1151382	
A	56	13	25	41	
A	56	25965	69989	1153878	
A	57	13	25	41	
A	57	26163	70466	1151291	
A	58	13	25	41	
A	58	26746	71593	1146593	
A	59	13	25	41	
A	59	26565	71076	1150680	
A	60	13	25	41	
A	60	28660	75949	1154617	
A	61	13	25	41	
A	61	27213	72860	1154230	
A	62	13	25	41	
A	62	27067	72911	1156590	
A	63	13	25	41	
A	63	27419	73387	1146710	
A	64	13	25	41	
A	64	27319	73038	1145317	
A	65	13	25	41	
A	65	28500	75133	1150445	
A	66	13	25	41	
A	66	28098	74333	1153351	
A	67	13	25	41	
A	67	28784	76157	1152230	
A	68	13	25	41	
A	68	29899	78795	1151091	
A	69	13	25	41	
A	69	29609	78345	1145218	
A	70	13	25	41	
A	70	30180	79426	1155948	
A	71	13	25	41	
A	71	29711	78790	1159099	
A	72	13	25	41	
A	72	31138	81348	1146912	
A	73	13	25	41	
A	73	31648	82281	1148368	
A	74	13	25	41	
A	74	32183	84391	1144568	
A	75	13	25	41	
A	75	32015	83622	1150129	
A	76	13	25	41	
A	76	32240	84730	1158156	
A	77	13	25	41	
A	77	31430	82258	1151420	
A	78	13	25	41	
A	78	33016	86063	1148679	
A	79	13	25	41	
A	79	32805	86333	1148817	
A	80	13	25	41	
A	80	33284	87421	1150749	
A	81	13	25	41	
A	81	34154	88729	1156531	
A	82	13	25	41	
A	82	32479	84797	1150040	
A	83	13	25	41	
A	83	32750	86123	1148596	
A	84	13	25	41	
A	84	34294	88840	1146929	
A	85	13	25	41	
A	85	33943	88806	1150997	
A	86	13	25	41	
A	86	34883	90479	1155553	
A	87	13	25	41	
A	87	36791	94868	1149990	
A	88	13	25	41	
A	88	37207	95036	1145400	
A	89	13	25	41	
A	89	36532	94071	1149125	
A	90	13	25	41	
A	90	35774	92544	1150012	
A	91	13	25	41	
A	91	35829	92437	1155837	
A	92	13	25	41	
A	92	36950	95211	1148109	
A	93	13	25	41	
A	93	37819	96233	1146910	
A	94	13	25	41	
A	94	36770	94520	1147545	
A	95	13	25	41	
A	95	37133	96547	1147990	
A	96	13	25	41	
A	96	38041	98032	1150943	
A	97	13	25	41	
A	97	39064	99990	1148640	
A	98	13	25	41	
A	98	40818	102849	1146209	
A	99	13	25	41	
A	99	40586	102451	1146461	
A	100	13	25	41	
A	100	40723	103689	1149895	
A	101	13	25	41	
A	101	41490	105175	1152409	
A	102	13	25	41	
A	102	42960	108000	1150569	
A	103	13	25	41	
A	103	42093	105877	1149124	
A	104	13	25	41	
A	104	42026	106754	1147523	
A	105	13	25	41	
A	105	42890	108637	1151559	
A	106	13	25	41	
A	106	43481	109382	1154369	
A	107	13	25	41	
A	107	43470	110014	1154604	
A	108	13	25	41	
A	108	44499	111851	1151091	
A	109	13	25	41	
A	109	44264	111522	1151059	
A	110	13	25	41	
A	110	42960	109039	1153655	
A	111	13	25	41	
A	111	45796	114363	1157735	
A	112	13	25	41	
A	112	44686	112791	1151431	
A	113	13	25	41	
A	113	45344	113403	1150218	
A	114	13	25	41	
A	114	47193	117336	1149651	
A	115	13	25	41	
A	115	45069	113192	1154214	
A	116	13	25	41	
A	116	45690	114885	1158103	
A	117	13	25	41	
A	117	46457	116336	1151540	
A	118	13	25	41	
A	118	47172	117612	1149767	
A	119	13	25	41	
A	119	47286	118594	1150181	
A	120	13	25	41	
A	120	47690	118234	1151787	
A	121	13	25	41	
A	121	47890	118501	1157049	
A	122	13	25	41	
A	122	48810	120250	1153599	
A	123	13	25	41	
A	123	47828	117833	1147662	
A	124	13	25	41	
A	124	49507	121363	1147638	
A	125	13	25	41	
A	125	48986	120883	1151062	
A	126	13	25	41	
A	126	50424	123657	1154936	
A	127	13	25	41	
A	127	51871	125685	1151909	
A	128	13	25	41	
A	128	51414	124874	1147427	
A	129	13	25	41	
A	129	53577	129033	1149268	
A	130	13	25	41	
A	130	52728	127605	1155217	
A	131	13	25	41	
A	131	54579	131494	1158527	
A	132	13	25	41	
A	132	55278	131431	1152417	
A	133	13	25	41	
A	133	54386	130085	1147855	
A	134	13	25	41	
A	134	55661	132267	1148333	
A	135	13	25	41	
A	135	56098	133068	1152759	
A	136	13	25	41	
A	136	57970	136675	1156906	
A	137	13	25	41	
A	137	58094	136891	1149663	
A	138	13	25	41	
A	138	59319	138615	1149421	
A	139	13	25	41	
A	139	60242	140632	1149839	
A	140	13	25	41	
A	140	58593	137456	1153165	
A	141	13	25	41	
A	141	61640	142891	1155392	
A	142	13	25	41	
A	142	62980	144484	1150930	
A	143	13	25	41	
A	143	62310	143144	1149007	
A	144	13	25	41	
A	144	62460	142907	1149004	
A	145	13	25	41	
A	145	64091	145977	1151990	
A	146	13	25	41	
A	146	66919	152597	1153598	
A	147	13	25	41	
A	147	64572	147880	1153339	
A	148	13	25	41	
A	148	66935	150990	1147497	
A	149	13	25	41	
A	149	67858	152786	1147365	
T	0	13	25	41	
T	0	12304	56909	907513	
T	1	13	25	41	
T	1	9156	31106	1140781	
T	2	13	25	41	
T	2	9548	35584	1277293	
T	3	13	25	41	
T	3	8212	32216	1265944	
T	4	13	25	41	
T	4	7386	28964	1204974	
T	5	13	25	41	
T	5	6094	24339	1110143	
T	6	13	25	41	
T	6	6169	24656	1140863	
T	7	13	25	41	
T	7	6403	25459	1197990	
T	8	13	25	41	
T	8	6431	25260	1210019	
T	9	13	25	41	
T	9	6435	24368	1170021	
T	10	13	25	41	
T	10	6304	24748	1173646	
T	11	13	25	41	
T	11	6523	24884	1168893	
T	12	13	25	41	
T	12	6557	25351	1184488	
T	13	13	25	41	
T	13	6824	25536	1180204	
T	14	13	25	41	
T	14	7229	26477	1172649	
T	15	13	25	41	
T	15	6076	23151	1182410	
T	16	13	25	41	
T	16	6087	23270	1178638	
T	17	13	25	41	
T	17	6063	22952	1182141	
T	18	13	25	41	
T	18	6379	23815	1187815	
T	19	13	25	41	
T	19	6256	23487	1172090	
T	20	13	25	41	
T	20	6101	22788	1169479	
T	21	13	25	41	
T	21	6274	23049	1172324	
T	22	13	25	41	
T	22	6323	23191	1173441	
T	23	13	25	41	
T	23	6498	23507	1173085	
T	24	13	25	41	
T	24	6630	23807	1174362	
T	25	13	25	41	
T	25	9746	35582	1173846	
T	26	13	25	41	
T	26	10040	35774	1174615	
T	27	13	25	41	
T	27	10215	35989	1170126	
T	28	13	25	41	
T	28	10338	36324	1173756	
T	29	13	25	41	
T	29	10305	36067	1169846	
T	30	13	25	41	
T	30	10693	37100	1162553	
T	31	13	25	41	
T	31	10649	37247	1167539	
T	32	13	25	41	
T	32	10254	35884	1169698	
T	33	13	25	41	
T	33	10929	37204	1170221	
T	34	13	25	41	
T	34	11350	37898	1165708	
T	35	13	25	41	
T	35	10984	36924	1159975	
T	36	13	25	41	
T	36	11255	37759	1162370	
T	37	13	25	41	
T	37	11355	37993	1166669	
T	38	13	25	41	
T	38	11385	37738	1170346	
T	39	13	25	41	
T	39	11791	38936	1167071	
T	40	13	25	41	
T	40	11632	37803	1157340	
T	41	13	25	41	
T	41	11568	37811	1160676	
T	42	13	25	41	
T	42	12009	38785	1169113	
T	43	13	25	41	
T	43	11782	37972	1166357	
T	44	13	25	41	
T	44	11948	38007	1162126	
T	45	13	25	41	
T	45	11905	38603	1159496	
T	46	13	25	41	
T	46	12266	39199	1161734	
T	47	13	25	41	
T	47	12581	39895	1177101	
T	48	13	25	41	
T	48	12476	39757	1167872	
T	49	13	25	41	
T	49	12684	39796	1156173	
T	50	13	25	41	
T	50	12736	40595	1161194	
T	51	13	25	41	
T	51	12599	39526	1161206	
T	52	13	25	41	
T	52	13129	41131	1168728	
T	53	13	25	41	
T	53	13553	42059	1167832	
T	54	13	25	41	
T	54	13898	42958	1156729	
T	55	13	25	41	
T	55	13721	42481	1156538	
T	56	13	25	41	
T	56	13496	41879	1160341	
T	57	13	25	41	
T	57	13956	43033	1172041	
T	58	13	25	41	
T	58	14326	44036	1165176	
T	59	13	25	41	
T	59	14306	43695	1156404	
T	60	13	25	41	
T	60	14599	44885	1154027	
T	61	13	25	41	
T	61	14276	43676	1158379	
T	62	13	25	41	
T	62	14547	44765	1166607	
T	63	13	25	41	
T	63	14925	45522	1168905	
T	64	13	25	41	
T	64	14964	45670	1165373	
T	65	13	25	41	
T	65	15071	45903	1158016	
T	66	13	25	41	
T	66	15198	46376	1162074	
T	67	13	25	41	
T	67	15536	47083	1165123	
T	68	13	25	41	
T	68	16334	48699	1168639	
T	69	13	25	41	
T	69	15895	47971	1162645	
T	70	13	25	41	
T	70	16390	49066	1158455	
T	71	13	25	41	
T	71	16100	48179	1161624	
T	72	13	25	41	
T	72	16895	50116	1169277	
T	73	13	25	41	
T	73	16720	50166	1165068	
T	74	13	25	41	
T	74	17400	51846	1162017	
T	75	13	25	41	
T	75	17187	51024	1157237	
T	76	13	25	41	
T	76	17464	51668	1158497	
T	77	13	25	41	
T	77	17284	51209	1166130	
T	78	13	25	41	
T	78	17947	53319	1164150	
T	79	13	25	41	
T	79	18041	53128	1155474	
T	80	13	25	41	
T	80	17781	52961	1160289	
T	81	13	25	41	
T	81	18642	54959	1160643	
T	82	13	25	41	
T	82	17956	53527	1167851	
T	83	13	25	41	
T	83	18398	54050	1163950	
T	84	13	25	41	
T	84	18872	55379	1156754	
T	85	13	25	41	
T	85	19012	55811	1158573	
T	86	13	25	41	
T	86	18818	55573	1158992	
T	87	13	25	41	
T	87	20163	58529	1161865	
T	88	13	25	41	
T	88	20451	59419	1162804	
T	89	13	25	41	
T	89	20582	59477	1155378	
T	90	13	25	41	
T	90	20619	59372	1156074	
T	91	13	25	41	
T	91	20233	58975	1157923	
T	92	13	25	41	
T	92	20885	60660	1164217	
T	93	13	25	41	
T	93	21083	61510	1161445	
T	94	13	25	41	
T	94	20777	60920	1158155	
T	95	13	25	41	
T	95	21442	62187	1153956	
T	96	13	25	41	
T	96	21500	62459	1158430	
T	97	13	25	41	
T	97	21792	63310	1162540	
T	98	13	25	41	
T	98	22487	65081	1160324	
T	99	13	25	41	
T	99	22712	65202	1155779	
T	100	13	25	41	
T	100	22988	65758	1151505	
T	101	13	25	41	
T	101	23426	67634	1159392	
T	102	13	25	41	
T	102	24113	69189	1156806	
T	103	13	25	41	
T	103	23986	69304	1158388	
T	104	13	25	41	
T	104	23998	68807	1151874	
T	105	13	25	41	
T	105	24612	70055	1150931	
T	106	13	25	41	
T	106	25056	71196	1155829	
T	107	13	25	41	
T	107	24679	70818	1157344	
T	108	13	25	41	
T	108	25020	71676	1158521	
T	109	13	25	41	
T	109	25279	72697	1154366	
T	110	13	25	41	
T	110	24819	71372	1151424	
T	111	13	25	41	
T	111	25802	73321	1152442	
T	112	13	25	41	
T	112	26233	73851	1159985	
T	113	13	25	41	
T	113	26474	74996	1159144	
T	114	13	25	41	
T	114	27079	76383	1151455	
T	115	13	25	41	
T	115	26408	73832	1149474	
T	116	13	25	41	
T	116	26364	74282	1148694	
T	117	13	25	41	
T	117	27471	77231	1157475	
T	118	13	25	41	
T	118	28207	78450	1157162	
T	119	13	25	41	
T	119	27802	77783	1151744	
T	120	13	25	41	
T	120	27823	77463	1149305	
T	121	13	25	41	
T	121	28302	78712	1148836	
T	122	13	25	41	
T	122	29024	80162	1152453	
T	123	13	25	41	
T	123	28273	78933	1150086	
T	124	13	25	41	
T	124	29618	80843	1146733	
T	125	13	25	41	
T	125	29381	80408	1142767	
T	126	13	25	41	
T	126	30532	83119	1143521	
T	127	13	25	41	
T	127	30881	83902	1148457	
T	128	13	25	41	
T	128	31190	84502	1147242	
T	129	13	25	41	
T	129	31686	85488	1141892	
T	130	13	25	41	
T	130	31884	85453	1137961	
T	131	13	25	41	
T	131	32620	87293	1138645	
T	132	13	25	41	
T	132	33227	88914	1139715	
T	133	13	25	41	
T	133	33817	88998	1140229	
T	134	13	25	41	
T	134	33763	88990	1136314	
T	135	13	25	41	
T	135	34659	91026	1133227	
T	136	13	25	41	
T	136	36092	93402	1135151	
T	137	13	25	41	
T	137	36307	93830	1140055	
T	138	13	25	41	
T	138	37218	95831	1140582	
T	139	13	25	41	
T	139	37770	96991	1131220	
T	140	13	25	41	
T	140	37671	96043	1130653	
T	141	13	25	41	
T	141	38554	97712	1130722	
T	142	13	25	41	
T	142	39628	100150	1131851	
T	143	13	25	41	
T	143	40361	101637	1131499	
T	144	13	25	41	
T	144	40382	101120	1123865	
T	145	13	25	41	
T	145	40990	102124	1121657	
T	146	13	25	41	
T	146	43459	107191	1122814	
T	147	13	25	41	
T	147	43105	105139	1124418	
T	148	13	25	41	
T	148	44687	109037	1123602	
T	149	13	25	41	
T	149	45431	109759	1120073	
G	0	13	25	41	
G	0	14925	58737	825985	
G	1	13	25	41	
G	1	10933	30907	846320	
G	2	13	25	41	
G	2	8639	25637	734149	
G	3	13	25	41	
G	3	8130	25242	797273	
G	4	13	25	41	
G	4	7785	25243	809985	
G	5	13	25	41	
G	5	7322	24340	847254	
G	6	13	25	41	
G	6	7090	22986	826367	
G	7	13	25	41	
G	7	6460	21695	804143	
G	8	13	25	41	
G	8	6276	21762	816730	
G	9	13	25	41	
G	9	6239	21410	830051	
G	10	13	25	41	
G	10	6360	21616	832700	
G	11	13	25	41	
G	11	6379	21668	833608	
G	12	13	25	41	
G	12	6297	21505	821407	
G	13	13	25	41	
G	13	6349	21632	821171	
G	14	13	25	41	
G	14	6619	22717	829991	
G	15	13	25	41	
G	15	5780	20124	826854	
G	16	13	25	41	
G	16	6009	20485	823890	
G	17	13	25	41	
G	17	6073	20334	824205	
G	18	13	25	41	
G	18	6137	20973	825804	
G	19	13	25	41	
G	19	6335	21301	834172	
G	20	13	25	41	
G	20	6179	21061	838007	
G	21	13	25	41	
G	21	6161	20712	830272	
G	22	13	25	41	
G	22	6503	21553	830930	
G	23	13	25	41	
G	23	6389	21338	838724	
G	24	13	25	41	
G	24	6825	22064	834286	
G	25	13	25	41	
G	25	10189	31091	836531	
G	26	13	25	41	
G	26	10522	31711	828882	
G	27	13	25	41	
G	27	10766	31916	835518	
G	28	13	25	41	
G	28	10606	31882	839400	
G	29	13	25	41	
G	29	10934	32369	842174	
G	30	13	25	41	
G	30	11253	32803	839546	
G	31	13	25	41	
G	31	11174	32868	842645	
G	32	13	25	41	
G	32	10983	32131	838390	
G	33	13	25	41	
G	33	11405	33521	837167	
G	34	13	25	41	
G	34	11394	33422	837906	
G	35	13	25	41	
G	35	11414	33447	842519	
G	36	13	25	41	
G	36	11735	34046	837538	
G	37	13	25	41	
G	37	11649	33886	842620	
G	38	13	25	41	
G	38	11609	33425	840660	
G	39	13	25	41	
G	39	12135	34513	840139	
G	40	13	25	41	
G	40	11720	33524	843585	
G	41	13	25	41	
G	41	11785	33948	840262	
G	42	13	25	41	
G	42	12143	34663	838097	
G	43	13	25	41	
G	43	12103	34594	839592	
G	44	13	25	41	
G	44	11904	34198	843700	
G	45	13	25	41	
G	45	12238	34716	843298	
G	46	13	25	41	
G	46	12622	35181	832402	
G	47	13	25	41	
G	47	12619	35419	833615	
G	48	13	25	41	
G	48	12499	35389	835923	
G	49	13	25	41	
G	49	12809	35604	839521	
G	50	13	25	41	
G	50	12887	35800	833571	
G	51	13	25	41	
G	51	12742	35772	836458	
G	52	13	25	41	
G	52	13040	36015	834868	
G	53	13	25	41	
G	53	13454	37575	840769	
G	54	13	25	41	
G	54	13984	38765	845337	
G	55	13	25	41	
G	55	13718	38199	840992	
G	56	13	25	41	
G	56	13742	38038	837126	
G	57	13	25	41	
G	57	13598	37394	833123	
G	58	13	25	41	
G	58	13904	38625	836983	
G	59	13	25	41	
G	59	14035	38706	840291	
G	60	13	25	41	
G	60	14806	40361	843434	
G	61	13	25	41	
G	61	14337	39332	839206	
G	62	13	25	41	
G	62	14107	39037	834734	
G	63	13	25	41	
G	63	14686	40087	839719	
G	64	13	25	41	
G	64	14455	39904	840725	
G	65	13	25	41	
G	65	15212	40988	841933	
G	66	13	25	41	
G	66	14710	40589	836247	
G	67	13	25	41	
G	67	15238	41603	837548	
G	68	13	25	41	
G	68	15811	42745	834492	
G	69	13	25	41	
G	69	15873	42688	845324	
G	70	13	25	41	
G	70	16118	43287	841594	
G	71	13	25	41	
G	71	15638	42387	838350	
G	72	13	25	41	
G	72	16330	44400	840181	
G	73	13	25	41	
G	73	16485	44659	841221	
G	74	13	25	41	
G	74	16784	45301	845364	
G	75	13	25	41	
G	75	16759	45236	843978	
G	76	13	25	41	
G	76	17090	45588	840049	
G	77	13	25	41	
G	77	16830	44819	841338	
G	78	13	25	41	
G	78	17114	46043	842946	
G	79	13	25	41	
G	79	17523	46694	844252	
G	80	13	25	41	
G	80	17427	46971	842376	
G	81	13	25	41	
G	81	17652	47066	837973	
G	82	13	25	41	
G	82	17283	46319	837898	
G	83	13	25	41	
G	83	17429	46506	843847	
G	84	13	25	41	
G	84	17916	48276	844472	
G	85	13	25	41	
G	85	18029	48240	842300	
G	86	13	25	41	
G	86	18221	48827	839680	
G	87	13	25	41	
G	87	19085	50526	843603	
G	88	13	25	41	
G	88	19133	51161	844568	
G	89	13	25	41	
G	89	19463	51664	844265	
G	90	13	25	41	
G	90	19064	50800	844869	
G	91	13	25	41	
G	91	19183	50970	841078	
G	92	13	25	41	
G	92	19496	51566	838579	
G	93	13	25	41	
G	93	19676	52580	839803	
G	94	13	25	41	
G	94	19189	51365	838291	
G	95	13	25	41	
G	95	19737	52667	839029	
G	96	13	25	41	
G	96	19925	53075	839038	
G	97	13	25	41	
G	97	20739	54738	839724	
G	98	13	25	41	
G	98	21074	55957	841720	
G	99	13	25	41	
G	99	21834	56997	847677	
G	100	13	25	41	
G	100	21927	57365	846177	
G	101	13	25	41	
G	101	21948	57540	840952	
G	102	13	25	41	
G	102	22543	58626	842994	
G	103	13	25	41	
G	103	22570	59146	843295	
G	104	13	25	41	
G	104	23072	59904	847131	
G	105	13	25	41	
G	105	23215	60829	843507	
G	106	13	25	41	
G	106	23589	61712	843760	
G	107	13	25	41	
G	107	23611	61005	842669	
G	108	13	25	41	
G	108	23857	61817	846811	
G	109	13	25	41	
G	109	24127	63172	848188	
G	110	13	25	41	
G	110	24116	62205	849041	
G	111	13	25	41	
G	111	24813	64432	848418	
G	112	13	25	41	
G	112	24946	63894	845847	
G	113	13	25	41	
G	113	25467	65344	848518	
G	114	13	25	41	
G	114	26358	67521	852797	
G	115	13	25	41	
G	115	26056	66384	853459	
G	116	13	25	41	
G	116	26238	66506	852019	
G	117	13	25	41	
G	117	26527	67063	849896	
G	118	13	25	41	
G	118	27468	69430	854096	
G	119	13	25	41	
G	119	28011	69883	855275	
G	120	13	25	41	
G	120	27835	70023	855339	
G	121	13	25	41	
G	121	28134	70400	855912	
G	122	13	25	41	
G	122	29343	72492	855667	
G	123	13	25	41	
G	123	29437	72565	860218	
G	124	13	25	41	
G	124	30513	75359	862099	
G	125	13	25	41	
G	125	30597	75111	861141	
G	126	13	25	41	
G	126	31604	76577	861653	
G	127	13	25	41	
G	127	32218	78463	860906	
G	128	13	25	41	
G	128	32756	79246	863806	
G	129	13	25	41	
G	129	33848	81458	868950	
G	130	13	25	41	
G	130	33887	81896	868631	
G	131	13	25	41	
G	131	34904	83065	869928	
G	132	13	25	41	
G	132	36766	85992	874125	
G	133	13	25	41	
G	133	36381	86246	875824	
G	134	13	25	41	
G	134	37324	87605	878092	
G	135	13	25	41	
G	135	38249	89626	876952	
G	136	13	25	41	
G	136	39835	92090	876698	
G	137	13	25	41	
G	137	40286	93197	877141	
G	138	13	25	41	
G	138	42156	96142	879543	
G	139	13	25	41	
G	139	42800	97746	886747	
G	140	13	25	41	
G	140	43844	98550	885578	
G	141	13	25	41	
G	141	45330	101447	887861	
G	142	13	25	41	
G	142	46530	103267	890094	
G	143	13	25	41	
G	143	47636	105671	893280	
G	144	13	25	41	
G	144	47692	105822	898435	
G	145	13	25	41	
G	145	49667	108886	901459	
G	146	13	25	41	
G	146	51089	112271	900504	
G	147	13	25	41	
G	147	52195	113468	904290	
G	148	13	25	41	
G	148	53893	117179	912328	
G	149	13	25	41	
G	149	55568	119386	912615	
C	0	13	25	41	
C	0	29427	119384	923562	
C	1	13	25	41	
C	1	18094	56753	814255	
C	2	13	25	41	
C	2	15669	51459	855951	
C	3	13	25	41	
C	3	14627	46926	805670	
C	4	13	25	41	
C	4	13793	45193	855168	
C	5	13	25	41	
C	5	12808	41603	831025	
C	6	13	25	41	
C	6	13991	45142	858268	
C	7	13	25	41	
C	7	13775	43775	846265	
C	8	13	25	41	
C	8	14044	44165	850333	
C	9	13	25	41	
C	9	13337	42497	844555	
C	10	13	25	41	
C	10	14494	44433	836228	
C	11	13	25	41	
C	11	14219	43462	834644	
C	12	13	25	41	
C	12	14205	43146	831248	
C	13	13	25	41	
C	13	14870	44652	837042	
C	14	13	25	41	
C	14	15103	45400	836801	
C	15	13	25	41	
C	15	13468	41411	839148	
C	16	13	25	41	
C	16	13941	42677	836613	
C	17	13	25	41	
C	17	13355	41256	845073	
C	18	13	25	41	
C	18	14450	43391	842955	
C	19	13	25	41	
C	19	14463	42942	838939	
C	20	13	25	41	
C	20	13394	40866	839811	
C	21	13	25	41	
C	21	14109	42066	842687	
C	22	13	25	41	
C	22	14070	41401	833707	
C	23	13	25	41	
C	23	14103	42058	844231	
C	24	13	25	41	
C	24	14586	42807	845291	
C	25	13	25	41	
C	25	17951	51299	840634	
C	26	13	25	41	
C	26	17668	51100	843077	
C	27	13	25	41	
C	27	18084	52853	840299	
C	28	13	25	41	
C	28	18117	51468	837233	
C	29	13	25	41	
C	29	18067	51630	841028	
C	30	13	25	41	
C	30	18703	53343	840726	
C	31	13	25	41	
C	31	18638	52414	837518	
C	32	13	25	41	
C	32	18372	52440	841498	
C	33	13	25	41	
C	33	19502	54388	847683	
C	34	13	25	41	
C	34	19925	55451	853618	
C	35	13	25	41	
C	35	19276	54231	841372	
C	36	13	25	41	
C	36	20224	55934	839918	
C	37	13	25	41	
C	37	20282	55719	839877	
C	38	13	25	41	
C	38	19600	54288	838867	
C	39	13	25	41	
C	39	20604	57277	847450	
C	40	13	25	41	
C	40	19989	55122	842840	
C	41	13	25	41	
C	41	20872	56745	837742	
C	42	13	25	41	
C	42	20451	55956	838034	
C	43	13	25	41	
C	43	20540	56137	844968	
C	44	13	25	41	
C	44	20543	56270	846455	
C	45	13	25	41	
C	45	20901	56880	844617	
C	46	13	25	41	
C	46	22082	59156	843012	
C	47	13	25	41	
C	47	22236	59824	841530	
C	48	13	25	41	
C	48	21608	58447	849806	
C	49	13	25	41	
C	49	21862	59052	850646	
C	50	13	25	41	
C	50	22703	60353	852545	
C	51	13	25	41	
C	51	22408	59607	843378	
C	52	13	25	41	
C	52	22156	59113	843738	
C	53	13	25	41	
C	53	23112	61001	845834	
C	54	13	25	41	
C	54	23877	63123	846146	
C	55	13	25	41	
C	55	23979	62949	851088	
C	56	13	25	41	
C	56	23384	61661	848655	
C	57	13	25	41	
C	57	23820	63055	843545	
C	58	13	25	41	
C	58	24495	64427	851248	
C	59	13	25	41	
C	59	24763	65104	852625	
C	60	13	25	41	
C	60	25547	66341	847922	
C	61	13	25	41	
C	61	24837	64759	848185	
C	62	13	25	41	
C	62	24830	64501	842069	
C	63	13	25	41	
C	63	24944	65134	844666	
C	64	13	25	41	
C	64	25191	65599	848585	
C	65	13	25	41	
C	65	25850	66698	849606	
C	66	13	25	41	
C	66	25599	66383	848328	
C	67	13	25	41	
C	67	25926	66966	845099	
C	68	13	25	41	
C	68	27166	69979	845778	
C	69	13	25	41	
C	69	27131	69998	846813	
C	70	13	25	41	
C	70	27203	69794	844003	
C	71	13	25	41	
C	71	26731	68897	840927	
C	72	13	25	41	
C	72	28262	71500	843630	
C	73	13	25	41	
C	73	28414	72246	845343	
C	74	13	25	41	
C	74	29310	74448	848051	
C	75	13	25	41	
C	75	28822	73048	848656	
C	76	13	25	41	
C	76	29172	74180	843298	
C	77	13	25	41	
C	77	28598	72878	841112	
C	78	13	25	41	
C	78	29999	75432	844225	
C	79	13	25	41	
C	79	29641	75553	851457	
C	80	13	25	41	
C	80	30442	76707	846586	
C	81	13	25	41	
C	81	30646	77446	844853	
C	82	13	25	41	
C	82	29363	74739	844211	
C	83	13	25	41	
C	83	29868	75834	843607	
C	84	13	25	41	
C	84	31333	79193	851845	
C	85	13	25	41	
C	85	30803	78054	848130	
C	86	13	25	41	
C	86	31356	78507	845775	
C	87	13	25	41	
C	87	32791	82050	844542	
C	88	13	25	41	
C	88	33952	84453	847228	
C	89	13	25	41	
C	89	33473	83706	851232	
C	90	13	25	41	
C	90	33069	82408	849045	
C	91	13	25	41	
C	91	32773	82177	845162	
C	92	13	25	41	
C	92	34106	85052	849095	
C	93	13	25	41	
C	93	34917	86336	851842	
C	94	13	25	41	
C	94	34131	86026	856009	
C	95	13	25	41	
C	95	34779	86894	859025	
C	96	13	25	41	
C	96	35141	87647	851589	
C	97	13	25	41	
C	97	35540	88287	849096	
C	98	13	25	41	
C	98	36024	89880	851747	
C	99	13	25	41	
C	99	35941	89876	850083	
C	100	13	25	41	
C	100	36627	90778	852423	
C	101	13	25	41	
C	101	37114	91760	847247	
C	102	13	25	41	
C	102	38422	94022	849631	
C	103	13	25	41	
C	103	37819	93175	849193	
C	104	13	25	41	
C	104	38099	94103	853472	
C	105	13	25	41	
C	105	38833	95306	854003	
C	106	13	25	41	
C	106	38480	94063	846042	
C	107	13	25	41	
C	107	38317	95028	845383	
C	108	13	25	41	
C	108	39040	95701	843577	
C	109	13	25	41	
C	109	39121	96532	846387	
C	110	13	25	41	
C	110	37930	93525	845880	
C	111	13	25	41	
C	111	39625	96926	841405	
C	112	13	25	41	
C	112	39161	96023	842737	
C	113	13	25	41	
C	113	39490	97460	842120	
C	114	13	25	41	
C	114	41104	100344	846097	
C	115	13	25	41	
C	115	39554	96876	842853	
C	116	13	25	41	
C	116	39529	97563	841184	
C	117	13	25	41	
C	117	40161	97940	841089	
C	118	13	25	41	
C	118	40968	100216	838975	
C	119	13	25	41	
C	119	41208	100608	842800	
C	120	13	25	41	
C	120	40204	98694	843569	
C	121	13	25	41	
C	121	40202	98671	838203	
C	122	13	25	41	
C	122	41675	100407	838281	
C	123	13	25	41	
C	123	40318	98703	842034	
C	124	13	25	41	
C	124	42328	103262	843530	
C	125	13	25	41	
C	125	42034	102379	845030	
C	126	13	25	41	
C	126	42605	102859	839890	
C	127	13	25	41	
C	127	42823	103312	838728	
C	128	13	25	41	
C	128	43331	105260	841525	
C	129	13	25	41	
C	129	44326	106631	839890	
C	130	13	25	41	
C	130	42834	104032	838191	
C	131	13	25	41	
C	131	44182	106194	832900	
C	132	13	25	41	
C	132	44443	106731	833743	
C	133	13	25	41	
C	133	44599	107243	836092	
C	134	13	25	41	
C	134	45653	108935	837261	
C	135	13	25	41	
C	135	45576	108289	837062	
C	136	13	25	41	
C	136	46963	110334	831245	
C	137	13	25	41	
C	137	47068	110809	833141	
C	138	13	25	41	
C	138	47668	111099	830454	
C	139	13	25	41	
C	139	48476	113684	832194	
C	140	13	25	41	
C	140	47363	111254	830604	
C	141	13	25	41	
C	141	47894	112201	826025	
C	142	13	25	41	
C	142	48798	113996	827125	
C	143	13	25	41	
C	143	48986	114026	826214	
C	144	13	25	41	
C	144	48644	112978	828696	
C	145	13	25	41	
C	145	50234	116114	824894	
C	146	13	25	41	
C	146	50925	116714	823084	
C	147	13	25	41	
C	147	48853	112798	817953	
C	148	13	25	41	
C	148	51587	117768	816573	
C	149	13	25	41	
C	149	51439	117584	819947	
N	0	3	
N	0	14	
N	1	3	
N	1	906	
N	2	
N	2	
N	3	
N	3	
N	4	
N	4	
N	5	
N	5	
N	6	
N	6	
N	7	
N	7	
N	8	
N	8	
N	9	
N	9	
N	10	
N	10	
N	11	
N	11	
N	12	
N	12	
N	13	
N	13	
N	14	
N	14	
N	15	
N	15	
N	16	
N	16	
N	17	
N	17	
N	18	
N	18	
N	19	
N	19	
N	20	
N	20	
N	21	
N	21	
N	22	
N	22	
N	23	
N	23	
N	24	
N	24	
N	25	
N	25	
N	26	
N	26	
N	27	
N	27	
N	28	
N	28	
N	29	
N	29	
N	30	
N	30	
N	31	
N	31	
N	32	
N	32	
N	33	
N	33	
N	34	
N	34	
N	35	
N	35	
N	36	
N	36	
N	37	
N	37	
N	38	
N	38	
N	39	
N	39	
N	40	
N	40	
N	41	
N	41	
N	42	
N	42	
N	43	
N	43	
N	44	
N	44	
N	45	
N	45	
N	46	
N	46	
N	47	
N	47	
N	48	
N	48	
N	49	
N	49	
N	50	
N	50	
N	51	
N	51	
N	52	
N	52	
N	53	
N	53	
N	54	
N	54	
N	55	
N	55	
N	56	
N	56	
N	57	
N	57	
N	58	
N	58	
N	59	
N	59	
N	60	
N	60	
N	61	
N	61	
N	62	
N	62	
N	63	
N	63	
N	64	
N	64	
N	65	
N	65	
N	66	
N	66	
N	67	
N	67	
N	68	
N	68	
N	69	
N	69	
N	70	
N	70	
N	71	
N	71	
N	72	
N	72	
N	73	
N	73	
N	74	
N	74	
N	75	
N	75	
N	76	
N	76	
N	77	
N	77	
N	78	
N	78	
N	79	
N	79	
N	80	
N	80	
N	81	
N	81	
N	82	
N	82	
N	83	
N	83	
N	84	
N	84	
N	85	
N	85	
N	86	
N	86	
N	87	
N	87	
N	88	
N	88	
N	89	
N	89	
N	90	
N	90	
N	91	
N	91	
N	92	
N	92	
N	93	
N	93	
N	94	
N	94	
N	95	
N	95	
N	96	
N	96	
N	97	
N	97	
N	98	
N	98	
N	99	
N	99	
N	100	
N	100	
N	101	
N	101	
N	102	
N	102	
N	103	
N	103	
N	104	
N	104	
N	105	
N	105	
N	106	
N	106	
N	107	
N	107	
N	108	
N	108	
N	109	
N	109	
N	110	
N	110	
N	111	
N	111	
N	112	
N	112	
N	113	
N	113	
N	114	
N	114	
N	115	
N	115	
N	116	
N	116	
N	117	
N	117	
N	118	
N	118	
N	119	
N	119	
N	120	
N	120	
N	121	
N	121	
N	122	
N	122	
N	123	
N	123	
N	124	
N	124	
N	125	
N	125	
N	126	
N	126	
N	127	
N	127	
N	128	
N	128	
N	129	
N	129	
N	130	
N	130	
N	131	
N	131	
N	132	
N	132	
N	133	
N	133	
N	134	
N	134	
N	135	
N	135	
N	136	
N	136	
N	137	
N	137	
N	138	
N	138	
N	139	
N	139	
N	140	
N	140	
N	141	
N	141	
N	142	
N	142	
N	143	
N	143	
N	144	
N	144	
N	145	
N	145	
N	146	
N	146	
N	147	
N	147	
N	148	
N	148	
N	149	
N	149	
